-83.028601
-32.700935
-105.117172
-12.937389
-19.091108
-21.099412
-24.564752
-23.312955000000002
-20.543922
-53.116525
-90.36376
-80.48335
-13.072374
-31.241264
-28.032226
-60.357071
-12.409171
-56.514467
-76.36528
-43.666493
-17.564256
-47.314643
-79.450136
-36.36289
-12.061164
-31.754146
-26.400161
-30.102865
-72.670833
-16.006156999999998
-21.882661000000002
-14.031979
13.799489
-43.59515
-6.291443
-1.0386520000000001
-7.155343
-56.653061
-42.699292
-14.000876
-32.924048
-141.283733
-14.891368
-70.181911
3.1338939999999997
-47.381655
-32.824089
4.223085000000001
-46.274557
-34.826879
-16.990507
10.425664000000001
17.504194000000002
-41.586901
-50.990700000000004
-7.744307
-36.115188
-11.671646
15.006483
-22.006899999999998
60.127653
-24.618296
-13.807492
2.619411999999999
-23.027523
-38.089722
-16.240956999999998
-17.76876
-49.048441
-29.591608
-16.225677
-23.690662
-63.936481
0.05136900000000033
-85.627203
-18.779819
-32.093347
-31.300527
60.909157
-8.541541
-11.510634999999999
-15.727597
-5.0462940000000005
0.6871079999999996
24.554283
-7.826339
-20.693079
5.136734000000001
-25.561837
-21.824317
-80.128275
-43.691125
-91.344338
-36.405316
-17.251175
-0.5292720000000001
-51.308489
-19.459627
7.951588999999999
-126.019425
10.825112
-25.46381
-97.705579
-28.100332
-41.247261
-20.56531
-24.236411
1.1713930000000001
-30.957594
-26.547308
-23.371496
-19.593681
-44.749904
-21.478029
-10.663388
46.551473
-15.403008999999999
-14.303849
-40.610552999999996
-29.156593
-54.00794
-43.276547
-9.536017
-27.305712
-49.825748
-11.185083
-8.451254
-10.379174
-90.149668
-65.443641
-9.815325
-32.230414
-67.373007
-27.994426999999998
-48.444825
-46.493148
-89.899031
30.684142
23.003864
32.776435
-4.443254
-4.5784139999999995
-11.569665
-73.783263
-87.807461
-47.416197
-38.997302
-4.959752
-18.491782
-7.486958
-40.088569
-35.691025
13.738185000000001
-16.675074
-45.794204
-21.251068
-17.894612
-16.98712
-49.190884
-13.899092
-0.2632570000000001
-31.010742
-5.851952000000001
-28.831774
-5.331785
-57.547962
-66.61631
-2.372138
7.1400179999999995
-44.368639
-22.511309
-40.441516
7.913701
7.51814
-47.391342
0.28886899999999965
-39.848449
2.854029
-7.142409
-59.128927
-50.251424
-27.507261
-48.560808
-13.987960000000001
-69.608762
-10.856037
-29.646497
-27.815186
19.22181
41.99239
41.600284
-0.22836599999999996
-17.964799
-42.93213
-13.344069
-18.127686999999998
-5.722681999999999
-13.462670000000001
-12.472602
-38.775394999999996
-27.055674
-45.814431
-26.197671
-56.808781
-5.744406
-59.802082
-38.944862
-48.426672
-15.801829
-72.268285
72.936917
-9.198129
-37.348433
-15.467841
-15.935716
0.2472890000000008
-14.304469
-90.312338
55.407855
-23.657441
10.952148
-80.464986
5.818912999999999
17.128998
-19.242703
-18.329005
-62.531705
-34.032383
-50.358664
-69.759806
-24.571642
-12.027434
-44.142874
-20.973256
-11.604958
24.454301
-30.6567
-20.290162
-25.849323
13.042718
-12.824749
-61.888281
-14.820236
-9.431032
-39.381103
-35.710174
-12.154414000000001
-5.659763
-5.390705999999999
52.072377
-30.554258
-34.359055
-11.154288999999999
13.252145
-32.032776
-115.003743
-31.712015
-42.628175
-54.64747
-12.509439
-22.996455
-34.492864
-19.917906
2.385121
19.809580999999998
-17.339421
-10.916451
-14.585717
-29.865981
-22.14159
-21.94986
-20.980152999999998
-0.6456459999999995
-46.224688
-13.546433
25.012675
-44.042891
-10.653438
-23.413959
-69.352928
-42.935356
-38.719623
-23.563240999999998
-14.429967
-4.298013
-19.225394
-6.7865899999999995
-2.8888570000000007
-17.868402
-10.189024999999999
-33.833261
-50.376174999999996
-15.317325
-24.055031
-32.614805
-89.447234
-21.905309
-28.255419
-16.624429
-0.392003
-31.649878
22.587281
-51.387173
71.424019
-77.160332
7.823125
-6.661431000000001
15.286777
-47.275502
-18.278113
-35.484722
-27.030871
-33.567742
-7.772884999999999
-34.22208
-33.99531
-16.590662
-41.173756
38.141236
2.9589529999999997
-32.631814
19.207636
15.628278
-48.120148
-14.643975999999999
-5.548244
-30.905585
-18.287387
-7.851393
30.28311
-7.271332999999999
-61.676742
16.645467
0.6617359999999993
-11.303516
-17.054990999999998
-26.157198
43.048612999999996
-52.903918
-33.21316
-19.938119
-12.134701
-14.170117
-26.160716
-17.821373
-19.545347
6.454851000000001
-14.34272
-56.768684
-28.165404
-48.157394
-18.238057
-40.344617
-55.156873
-63.186384
-17.687623
-14.441177999999999
-48.04793
-104.169376
-16.316829000000002
-112.300431
13.518782
7.497656999999999
-39.395956
-65.237958
-80.222855
-56.984877
1.0865330000000004
-12.164489
-27.023735
-8.769938999999999
-24.396545
-53.585608
-6.010651999999999
-51.998204
-8.00698
-59.74859
-17.440546
-51.581633
-6.744864000000001
-43.228662
-30.962659
-13.792723
-18.109567000000002
-16.258536
-17.032425
-16.846208999999998
-27.167082999999998
-3.7077869999999997
-43.887011
-32.790671
-11.139232
7.141254
-46.862348
19.415221
-31.549627
-46.999539999999996
-28.567922
-9.167032
131.947842
-48.286491
2.4738360000000004
-92.822554
-8.254034
74.596831
-68.463577
-16.969915
11.570501
-25.647447
-42.863261
-28.254781
-42.389802
-34.123865
-49.016961
-16.899958
8.187743
-38.421968
-29.97957
-18.102225
-26.609763
-8.913707
-25.100203
38.288588
-25.373099
-18.426542
-15.51932
-28.094663
1.4093359999999997
-22.506673
-16.19147
-18.732239
-45.086433
-36.763944
-15.922788
-59.325791
-11.396839
-3.0442030000000004
-117.67561
-28.804856
-48.74547
-61.0861
-2.31725
-9.247652
-73.023502
-70.459856
-12.783839
-40.59098
-50.549751
29.032444
-13.065923999999999
-26.722730000000002
0.48080899999999854
-27.617861
-18.734195
-64.892762
14.288565
-30.880814
-77.379004
-25.417983
-64.877578
-45.21715
-97.718489
-23.556527
-51.174143
4.676224
-43.937331
5.725074
-16.058435
-8.930898
-46.233817
-50.693497
-56.627379
-8.396946
-41.586650999999996
-20.263053
0.38063199999999986
-74.86887
33.560466
-19.117604
-23.621647
-23.079628
-5.3688199999999995
-6.610214999999999
-44.734146
41.60497
-41.578261
-35.617273
10.833796
-2.071657
-66.067498
-85.538723
-24.206386
-30.150682
-15.508329
-49.19211
-33.988924
-21.846595999999998
-4.133107999999999
-63.970518
-48.177937
-69.653202
-33.649034
26.507333
-21.534295
-34.402095
-85.627249
-36.079546
-32.484258
-4.271140999999999
-28.252744
-2.1578600000000003
33.809871
-37.15703
-85.536427
-27.857103
-39.877394
-42.853058
-72.873576
-2.9741150000000007
-6.010159
-11.968
-14.669070999999999
55.469217
11.773122
-68.899815
-48.311427
-25.19951
-92.860564
-19.90446
-38.178419
-21.960765
-14.312302
-7.404979
-18.423719
43.042224
9.342104999999998
-13.414795
-6.128173
18.202662999999998
-32.188356
1.1056289999999995
-22.343149
-31.891289999999998
-73.553625
-20.053758000000002
-45.941658
-41.329444
-41.404737
-20.046547
95.635224
-23.408608
-3.0991150000000007
-20.17604
-17.201154
-46.958358
-47.213435
-111.728558
-22.631881
-122.039668
-22.600686
-43.202935
53.769311
11.39937
-13.534654
-18.411362999999998
-108.869125
-50.632032
-55.592496
-76.932573
-28.798309
-15.452055
-21.926139
-64.816226
-90.89461299999999
-48.673729
-30.349668
-12.648675
-88.132662
-28.514358
-74.544621
-25.129244
-6.1516139999999995
-46.81693
-10.211351
-5.851952000000001
-42.952893
-18.890705
-28.570272
-20.198066
-28.024212
-52.360049
-67.251201
-31.666588
-10.396666
-1.3984680000000007
-56.412561
-35.506046
-26.535993
-46.769385
-11.219528
-24.99247
-64.644417
-29.751724
-17.258060999999998
-4.034206999999999
-3.8217540000000003
-10.784153
-32.192696
-28.052711
-15.648317
8.123264
-33.922039
-40.388251
21.365145
-23.987562
-104.16035
-11.284066
-36.608288
-69.459372
-43.82331
15.386118
-22.438968
-33.406423000000004
29.02916
-56.523808
-11.401419
-18.081355000000002
20.034662
-5.937073
-31.47487
-29.642264
-54.515301
-30.218450999999998
-96.445796
-11.460668
-18.212218
-55.729556
-47.017304
-21.751447
-7.510904
-23.448283
-17.481399
63.55323
44.881296
-17.345702
-45.09509
-50.118103999999995
-17.939637
-38.8431
15.586194
-104.730158
-34.1402
-39.690622
0.9994619999999996
-24.218635
-30.325853
-6.82998
-24.153489
20.453384999999997
-90.810159
-36.457236
-22.305471
-60.993564
-40.772156
16.522073
-50.660594
-12.357548
-23.997759
-23.736947
-8.740887
-18.53732
30.435256
-14.012615
-48.80639
-62.049474
11.315466
-22.603476999999998
-10.740231
-20.538892
43.25602
-62.821408
-15.133384999999999
-3.1410490000000006
-16.339328
-46.439404
-77.760683
-20.549104
-3.3715150000000005
-23.099165
-50.568167
-10.048896
-8.527794
-92.074863
-21.389422
-25.372166
-12.381286
-26.899307
-25.600692000000002
-28.181275
-48.586179
15.091538
-24.392263
-19.136115
-31.36247
-14.545112
-43.495534
-30.843625
-47.112386
-19.300491
-96.499387
-22.539197
-22.167791
-63.297103
-4.155874
-21.38933
1.7410780000000001
-42.539216
-7.199755000000001
-14.107026000000001
-7.0416170000000005
-18.118738
-20.935258
-42.765406
-40.196054
-18.842267
-53.737827
-2.601452
-7.118048999999999
-70.717039
-30.991453
-35.847178
-26.638187000000002
-45.157332
-21.162418
-12.401252
-14.587516
-28.401934
-45.314245
-38.794664
-20.289315000000002
20.368555999999998
-100.518005
-46.615094
32.624896
8.254299000000001
-29.723551
13.957396
-11.491255
-40.501607
-8.116502
-28.521332
-11.5371
-15.724274000000001
-20.377295
-11.933506999999999
-20.01247
-28.890092
-15.584674
-12.655569
-46.789702
-15.638702
-15.267805
20.00324
-18.076064
-12.356405
-31.544898
-11.325381
-12.883854000000001
-17.644889
-29.362434
-32.903318
-3.7329730000000003
-25.433217
-36.856718
-32.852966
-28.111979
-7.47477
-5.550365
1.0696210000000002
-87.542371
-5.849442000000001
-37.301719
-81.750709
-4.717877
-59.147868
-29.384719
-9.149754
-34.974687
-17.782360999999998
-25.929033
-14.627379
-0.7897390000000009
-25.087413
-18.813326
-20.949192
-1.228698
-20.774826
49.070899
-18.015173
-19.704238
13.463388
-26.0515
-31.401576
-21.168105999999998
-31.53083
4.900626
-36.279857
-17.756893
-53.603605
6.536776
12.43741
-3.6381940000000004
-26.985096
-34.162041
-34.331848
20.994454
-28.227734
-27.597689
8.957073000000001
-31.637475000000002
-7.124200999999999
-11.286274
-77.739882
-8.671367
-18.275479999999998
1.3458150000000013
14.825933999999998
4.344545999999999
-9.151231
-52.13068
-16.725526
-8.0517
-30.634923
2.0785339999999994
-13.400394
-40.58186
-37.457209
-28.337193
-73.401269
5.295721
31.032723
-61.721781
-45.217805999999996
27.582414
-14.970886
-52.686615
-16.164043
-23.039167000000003
9.16643
-26.256949
-17.812532
-48.736653
-37.947316
-26.556028
-29.479532
-26.337114
-11.086948
-8.295725000000001
-15.457715
-17.496848
-9.793603000000001
-39.754426
-45.641997
5.353947
-57.044038
-53.930381000000004
-1.6055539999999993
-33.534112
-47.797299
-26.295743
-4.5768450000000005
-4.341794999999999
-6.001774000000001
-14.411423
-27.829219
-63.315982
-40.771678
-25.269565999999998
9.281723
-0.30947800000000003
44.600513
-69.204198
-39.075765
-25.91169
-18.642145
-48.932278
-75.79887
-36.001672
-11.127436999999999
-20.883332
-13.169859
-31.752123
-29.614074
-15.972320999999999
-11.179277
-0.3303280000000001
-7.770323
-60.763662
45.643766
-19.610207
-42.857552
-56.016783
-12.206123
-10.756651
2.6536509999999995
-14.468904
-46.053031
-35.579202
-49.583747
-25.500498999999998
-40.923347
-5.2699739999999995
-12.630584
1.155753
-52.903625
-22.144165
-77.019977
-5.121203
1.3747420000000004
-96.72604199999999
-12.217772
32.895871
-23.410273
12.562917
-35.682054
-29.331093
-12.459154
-96.596755
-9.543137
16.960709
-21.385265
-42.774713
-46.5115
-21.815399
-18.359486999999998
-40.457115
-37.987978
-10.331994
-15.060545
-22.326325
-61.333387
-54.147334
-18.540528
-10.798055
-25.033824
-27.776049999999998
-12.345635
-1.2075950000000006
-52.363391
14.981653
-41.788762
-23.040236
-15.005704
-29.976572
-2.744522999999999
-17.193204
-52.072983
-0.772095
-4.519149999999999
-12.668455
-8.831125
-84.05277
-21.077491
-59.642189
-18.627542
-25.262517
-51.552695
-10.138798
-37.668535
-57.78955
-21.642628000000002
-25.501276
0.07561799999999978
-15.880695
46.611572
-44.010563
-52.582865
-34.541607
21.324543
-1.648160999999999
-39.316801
-73.342207
-33.037427
28.564423
-45.224893
-22.676487
-7.7364440000000005
1.5768340000000003
-41.506263
-44.187558
-1.757206999999999
-0.6742030000000011
-39.688451
-7.957832
-42.844415
-13.847073
-62.782558
-49.015449
-23.99188
34.580129
-22.840851999999998
-26.878859
-45.24369
29.312642
-83.965648
-35.238429
-16.043159
-30.543731
-33.960555
-10.993144000000001
-56.64326
-46.085783
-3.525545
-15.819484
-17.095174
-33.96633
-50.050466
9.232489
-62.487634
-6.806119000000002
-16.112806
76.547033
-56.467118
-20.10856
-106.249807
-27.82696
-104.156816
-37.355497
-44.480051
-37.857745
-1.6264980000000002
-61.292931
-42.552172999999996
-45.916527
-7.353796999999999
-27.083314
-41.954353
18.326386
-16.213069
0.22153800000000054
-29.498821
-38.051772
-22.217456
-18.72402
-71.321951
-33.941989
-108.738286
54.341579
-25.796909
-31.108473
-36.141841
1.8489179999999996
9.206851
11.685111000000001
-11.748977
-68.297582
1.541381
-77.221054
-27.980217
-33.402086
-18.202942
-42.309744
-10.854301
-22.828972
-30.937198
-23.385252
-0.7513070000000004
-40.573249
-62.995526
-14.272536
-14.265855
-43.744066
-21.81929
-77.275201
-61.743522
-22.390044
-61.601242
-45.825844
4.398595
-26.044398
3.1723290000000004
-40.744253
-3.650384
-26.91543
-44.617789
-24.880133999999998
-30.392476000000002
-17.572266
82.59284099999999
-29.258138
-34.560109
-48.211664
-20.820238
-50.31028
-68.61308
-34.999618
-29.674268
-26.767711
1.5019120000000008
-4.640991
-32.777741
-43.487135
62.444566
-32.194287
-21.875919
-44.561727
-75.302346
-43.737812
-27.780498
-21.654095
-18.432263
-11.699219
36.982698
-39.153056
-15.582149
46.07745
-36.970267
62.033135
-47.173868
-8.136253
-28.239742
-45.746793000000004
-80.202226
-13.064752
-18.928501
-22.299196
8.962814999999999
-34.691083
-55.210495
-17.29724
-122.461729
-10.419017
-67.181372
-24.738424000000002
45.809065
-56.866825
-17.589021
-18.610494
-6.62781
-66.730877
-40.702604
-95.150081
-13.226619
-18.883039
-60.004294
-56.927518
-22.093351
-20.272593
-8.103465
-8.300618
-13.847003
10.864063
-23.395919
-17.534939
-6.8343750000000005
-18.734883
-44.109052
-35.638929
-8.910798000000002
-67.820338
-19.125538
15.787984
-22.599718
-7.286865
-23.12378
-15.065609
39.123257
-3.2925649999999993
-23.706671
-29.819901
-18.593685
-53.415523
-10.753252
-62.679411
-38.649589999999996
-18.471754
2.2040029999999997
-45.374189
-0.8912830000000003
-1.783116
25.913596
-6.8757589999999995
-35.349075
-46.673491
-40.45146
11.541727000000002
-8.988399000000001
-46.420412
-9.154304999999999
-35.640979
-38.935055
-26.306896000000002
-23.142014
-8.264652
-11.732811
-27.609461
-12.640099
-48.317902
-46.915629
-45.958142
-17.696896
-57.18207
2.179117
-40.792518
-26.534246
-33.743028
17.133711
15.902244
-22.826698
-30.259231
-19.557206
-20.511722
-22.352695
-7.509471
-25.973815000000002
-7.16215
15.807408
-51.261815
-31.60542
-15.320676
-26.966908
-14.881692000000001
-21.504835
-114.581844
-28.018924
-26.095097
-83.150977
-13.348735999999999
-30.621047
-101.329261
-13.581164
41.260176
-6.7145980000000005
-76.345052
41.247289
-17.959347
-32.841397
-12.066324999999999
-14.265855
-41.101732
-14.239581
-30.09919
-44.441716
-53.556469
-24.07681
-57.263962
-42.17294
-17.047572
-83.241478
-21.685933
4.431043999999999
-9.935189000000001
-97.140355
-44.567716
80.24386
-24.557457
12.542564
-44.426809
-17.0392
-78.81192300000001
-43.708332
-59.539968
-15.536934
-20.693889
-31.975073000000002
-12.845325
-4.973017
-26.088672
-3.592936
-42.777035
-16.051672
-64.983341
81.644338
-46.869772
-0.7546169999999996
-13.374697000000001
-8.548438
-52.258010999999996
-31.445794
-17.989845
-20.84984
-27.291844
-65.241259
-8.476088
-25.936980000000002
-22.915855
-19.434552
-38.80279
-19.587334
-52.892934
-18.36898
-40.170038
-9.477816
-35.863197
-100.98572
-57.388476
-37.316202
-9.32288
-9.646721
-29.403551
-53.434134
-37.754679
-34.960786
-63.113317
-26.576157
-48.989367
-23.52097
-24.366394
-8.540405999999999
3.8603039999999993
20.56363
-18.71652
-22.541612
-19.079693
-15.610872
-21.924628
-27.267557
-18.270073
-37.427786
-14.388947
-27.194276
-5.807571
-4.832285000000001
-8.200554
-8.426374
-41.956205
0.2968979999999999
-10.334064
-44.337092
-3.7077869999999997
-20.310335
-73.089946
-8.064839
17.616908
96.415412
-22.939656
-45.587137
-16.18212
2.545383000000001
1.2461129999999994
-36.145526000000004
29.174003
-45.645475
-11.628627999999999
-4.853344000000001
27.235846000000002
-57.86356
1.3422839999999998
-12.582003
-53.208433
-59.63094
42.892199
-25.430572
1.1986229999999993
20.341349
-33.36853
-15.069333
-31.998942
-43.298012
-9.337617
-69.273247
6.355823
-49.101062999999996
-55.537219
-19.522192
-15.456099
-27.145046
-7.413904
-47.562699
-26.459975
-18.554845
-10.975911
-20.522885
-16.212435
-23.306076
-8.657017
-23.665601
-46.718802
-35.162491
-13.013156
-19.245671
-31.410716
-7.80477
7.355497000000001
6.472868
-26.142281
-26.867216
-21.758585
-21.629649
0.7173339999999997
-30.250774
-43.722994
-27.795265999999998
-39.895414
-6.119775
-31.372936
-19.585688
-29.468546
-65.140269
-13.296982
-87.08856
-7.18654
-1.846084999999999
-16.711705
-0.2366859999999996
-10.640714000000001
-49.604537
-45.285956
33.15101
-25.264848
-61.120589
-6.154634
-34.87907
-11.670455
-0.511887
-58.200784
-9.725486
17.038691999999998
-47.549103
-2.34064
21.60462
-21.504035000000002
-113.867444
-32.274336
-11.481779
-86.957806
-50.778954
14.828935999999999
-12.984145
-21.490353
-9.680565
-17.647049
-1.520108000000001
-52.837937000000004
-31.864082
-28.034986
-26.357060999999998
-28.351966
-51.713635
-44.395043
-18.463544
-10.358447
-25.197289
16.219851
-7.205367
-18.01018
-29.27569
-52.788461
-31.608131999999998
-94.076926
-20.436481
53.643931
-6.383062
7.2788640000000004
-88.560816
-10.177148
-17.168185
-50.705071000000004
-81.811486
-15.613611
-26.599825
-43.586751
-2.9267030000000003
-20.720797
-17.098732
-21.041381
-31.196663
-21.559815
-26.547832
-37.756947
-14.67661
32.800156
-42.990456
-26.56084
-59.640176
-30.51886
-17.918166
-41.931372
-4.981759
-30.406161
-60.116573
-30.652426
-17.035356
-12.127047000000001
-37.640285999999996
-17.745386
-37.999239
-11.60062
-16.53161
2.481786
-44.050651
-21.817629
-78.53335
-23.414011
-27.262863
-36.676148
-34.529154
-55.101183999999996
-24.871119
-29.863461
-27.863255
-24.105624
64.843984
-90.60196
-14.353788
-44.83599
-16.153209
-58.455302
-46.118916999999996
-20.399675
-11.865901
16.66332
-38.817455
-4.167436
-0.7468080000000004
-58.197899
-7.496062
-34.332563
-10.010764
-20.599813
-27.270366
-34.260303
-13.342428
-38.123846
-37.199665
-40.263105
19.979841999999998
-60.720599
-15.164036
-0.4083520000000004
-24.883754
-49.02093
0.2709859999999999
-11.202024
-46.10228
-23.456349
-0.8161320000000003
-37.232805
2.5663270000000002
-19.245752
-1.8220089999999998
-53.028684
6.317501
5.283500000000001
-35.928063
-55.03933
17.234966
-7.524128000000001
-16.686684
6.545964000000001
-103.397728
-103.847258
-12.586731
13.881117999999999
-43.21507
-11.723033
-6.337179999999999
-23.057835
-25.555819
-27.324475
-46.013927
-13.452217
-39.557096
-12.938931
-3.651857
-14.604529
-44.60322
-11.072165
-29.648501
-9.229496
-35.24311
-49.101275
-18.197372
-1.9412329999999998
-35.713517
-26.75217
-22.293838
-7.64031
-10.42123
-27.163107
-61.591867
-4.450989
-32.919411
-16.235353
-20.755521
-2.878116999999999
84.728616
-15.250288
-44.318812
-55.469414
-55.704308
-43.291433
-29.857922
-13.579267
-5.987663
-34.904557
-4.673802
-11.219329
-19.276353
-53.794819000000004
-73.089587
-42.64592
-41.113257
-7.8733010000000005
-21.197431
-15.599120000000001
5.612607000000001
-31.088708
-29.203649
-33.10704
-28.095203
-9.485966
-48.255404
-8.375155
-11.983057
-46.373613
-1.2028290000000004
-0.6171099999999996
-39.168891
62.745664
-76.091207
-11.519978
-96.16412
-15.148832
-28.98643
-23.970685
-16.335098000000002
-46.62298
7.902381000000001
-46.548897
-76.725425
-89.494309
-108.86825400000001
-22.163329
-21.87017
-22.495805
-14.752374999999999
-87.762301
14.176138000000002
-35.309872
-13.374329
-84.868734
-58.541088
-161.914255
-27.632668
-55.555403
-41.648459
8.944497
-0.039742000000000166
-17.808239
-27.506846
-30.367375
-19.533105
-38.76097
6.710734
-27.144187
-18.003273
-25.124018
-15.161104
-58.958099
-8.349831
-23.330081
-63.202716
-44.040414
-31.111851
17.946787999999998
-0.6577749999999993
-16.422158
-62.438812
-39.543358
-40.984705
-27.366376
18.303042
-15.211791
68.773367
30.406567
-14.648598
-18.688716
-16.892443
-29.365265
-35.45808
-10.616548
-44.643066
-8.623301
-29.765738
-22.782503
-13.105237
-19.070439
-22.752776
4.197965999999999
-26.688359
85.876431
-18.881743999999998
-42.479224
-27.871812
-17.887567999999998
-11.439816
-21.210313
9.209292
-31.169664
-5.329872
3.6099779999999995
-49.545117
-26.572466
-5.612235
-14.449221
-29.242102
-33.291171
-20.7475
-50.06502
-21.544614
14.190196
-26.44858
-9.83276
-55.428535
2.18296
-37.177956
4.441178999999999
-12.519419000000001
-27.527585
-16.342764
31.376435
-77.493004
-19.653723
-26.195132
-27.042482
-58.415035
-17.802017
7.6312359999999995
-86.538013
-16.147875
-71.759762
-5.8861040000000004
-66.770309
-2.8876
-20.946916
-46.033377
-3.4191570000000002
-11.883784
16.783163
-34.921392
-2.444488999999999
-21.558534
-16.448407
-1.664694
-4.642794
32.127856
-41.261131999999996
-18.527395
-19.411
-42.328918
-68.123676
-14.908973
-46.110606
-9.820435
-58.596067
-52.312666
-6.848224999999999
-15.454126
-75.126006
-71.772457
-25.539121
-45.886555
-9.190571
-17.35066
-12.781822
15.166528999999999
-29.411726
-30.075347
-62.366011
1.1508319999999999
37.394852
-39.004611
-9.245073
-68.321734
-43.464947
-28.493951
29.663489
-8.172033
9.622530000000001
-5.266453
-21.443317999999998
2.7914730000000008
-46.441874
-48.786798
-6.556406
-3.940622
-37.283006
9.523702
-12.346729
-23.25044
-28.915326
-28.467626
-46.624463
-40.744542
-25.107004
-21.879777
-20.460736
-34.022501
-15.369408
-26.468182
-2.435497999999999
-20.574402
-0.023049000000000402
-37.163868
-1.4831710000000005
8.537146
-34.757327000000004
-44.766281
-33.285645
-16.631139
-64.92359
-60.583286
-5.316039
-84.148208
-13.376721
-11.405311000000001
-15.286313
43.371047
-35.949667
0.5970919999999996
8.96074
38.807629
-4.080316
-27.436885999999998
-53.49492
-22.669376
-25.205958
-9.506613
-22.20117
-78.799275
-108.407562
-29.282302
-31.964762
-20.685155
-0.5864959999999994
-17.053421
-60.836595
-55.999693
-37.948634
-56.04254
5.413396
-37.420784
-15.811552
-5.655251
-50.727226
-33.208452
-13.119068
-16.01288
-25.725479
-10.098419999999999
4.4884450000000005
-16.916981
-23.92055
-37.424383
-3.582365
-28.117019
-27.034903
-18.648046
-3.9388960000000006
7.105513999999999
-16.638674
-3.14635
-10.392129
-65.402804
-6.127897
88.484992
-25.54725
-47.806517
-26.032763
24.265016
-58.778994
-12.69075
-73.366245
-27.734839
-1.1595959999999996
-23.947894
-32.631569999999996
-51.004221
-61.862137
-12.472306
-30.941878
-40.353064
-6.739442
-19.250322
-42.865491
-11.013196
-2.7246799999999998
-42.742053
30.612274
-15.494976999999999
-33.533631
-28.305813
-46.076139
-18.891149
-8.358434
-66.999607
-44.328563
4.950908999999999
-3.660412
2.1626289999999995
-12.565485
-3.7940850000000004
-18.707716
-35.670371
-16.200758
-88.881627
-14.102405
-19.818694
-4.103406
-85.299389
-16.792362
-69.087583
-42.566752
-15.727597
-51.615874
-17.776309
-16.079707
-6.962947
-85.121059
-19.29123
6.992598
-9.944302
-9.950168
-52.38578
-27.242243
-46.883836
-28.53406
-24.04162
-34.733292999999996
-26.993591
17.527048
-19.948387
-52.843184
69.340775
-19.857132
-30.062479
-51.822959
-37.611648
-25.948782
-54.044418
-68.939412
-4.249776000000001
-10.164045
-23.870935
-31.163794
-13.614436
-12.624311
13.734415
-38.821871
9.942169
-14.166641
0.8307310000000003
-13.570967
-31.078357
-7.098782000000002
-4.678974
3.7084399999999995
-73.975859
-14.065857
-22.288105
-11.83131
-9.236603
-5.183044
-24.340222
-11.348505
-33.278089
6.389347999999999
-36.681915
-41.620599
-30.779898
-35.072637
-13.77959
-10.784548000000001
-26.370644
-9.728665
-40.072693
-67.037812
-2.3544300000000002
-78.495104
-45.079659
-16.669190999999998
-35.224312
-6.286207999999999
-61.574666
-6.962867
-30.666785
1.1634609999999992
-13.677451
-17.59236
-13.790254
-15.188112
-15.15172
-25.861399
-19.145846
-2.054802
-31.133332
67.755811
-18.424996
-65.983078
-26.720962
-38.792652
-10.341384999999999
1.933361
-60.043611
-10.808933
-97.038539
-11.870983
-32.706228
-70.59999499999999
-12.649256999999999
0.9952250000000004
-7.1869320000000005
-7.596895
-19.405072999999998
-60.774577
-7.827797
-42.603775
-70.408928
-29.771418
-14.904948
-40.930511
-15.662457
-23.725774
29.072288
-42.750855
6.094981000000001
52.855801
-19.701778
-21.909686
-30.496643000000002
-1.442216
-47.856682
7.4125
-51.672639
50.136776
-30.580157
-29.534748
-72.287412
-17.44587
-67.785097
-13.020603
39.425218
40.090778
-29.480638
-27.839819
-16.771915
-18.950468
6.9246229999999995
-35.905903
2.961511
-9.198656
3.2813250000000003
-28.913453
83.634994
-40.246472
-8.610213
-3.113709
-9.565534
-21.768023
36.251324000000004
-53.22371
-58.887167
-6.829684
-85.039353
-11.989323
-77.993383
-40.459197
-41.840907
-0.7368909999999991
-36.001263
47.831724
-3.3117780000000003
-90.434724
-54.042876
-9.750926
-46.898865
-17.488849
-55.840571
40.667308
-58.604809
-25.380976
-2.605782
-28.260316
-18.461439
-71.395716
-73.556527
-15.571842
38.059529
-19.025864
-6.757715999999999
-61.945937
-42.541367
-111.0865
-3.7897500000000006
-23.350874
-38.50792
-20.142764
-5.463152999999999
-30.282592
-13.729125999999999
-6.94072
-9.761942
-48.309168
-48.055831
-4.966628
-25.492854
-43.973338
-43.78869
-39.289801
-67.59685999999999
-28.443024
-46.494509
-18.305581
-12.159631
-73.16602
2.432201999999999
-48.218192
-17.176306
10.860452
-59.642189
-11.977046
11.112312000000001
-8.565671
-15.768825
-18.797268
-26.612182
-39.346398
-55.173863
20.527692000000002
-24.132286
20.468731000000002
-106.796538
-100.17332999999999
-18.256591
-9.3001
-23.638812
-84.709125
-7.780914
-5.095245
-11.83347
-65.468272
-18.257111
-19.913987
-6.712362000000001
-44.816646
59.66624
-48.784914
0.9834029999999992
-53.381224
-35.071986
-69.20985399999999
15.694832
-29.233452
-10.748761
-17.732184
-34.50137
-11.885362
-23.085196
-59.101001
-15.881257
2.1825529999999995
-39.514926
-34.488163
-10.815354999999998
-45.739049
-28.556219
22.620537000000002
-30.215166
-26.788159
-58.777562
-48.436248
35.930732
-42.323385
0.4017939999999999
22.703819
-38.627099
1.0959709999999991
-11.695707
-31.811988
-45.270743
-26.596543
-31.537561
-47.223005
-21.691588
-46.723511
-6.983928
-14.183539
-1.5040870000000002
14.081025
-20.844507
-46.610073
-6.913764
-14.354196
-5.782037
-37.952139
-29.044045999999998
-15.760983
-27.894393
-36.555527
-51.272344
-13.120835
-19.432457
-11.751626
-44.05493
-29.811738
-24.195446
-30.595416
6.8030859999999995
-22.147538
-34.196318
-1.970729
-24.472133
-49.303673
3.37342
-27.719511999999998
-24.341229
-40.218776
0.986434
-19.939461
-9.704507
-39.118802
-25.278547
-10.36548
-15.177896
-13.453216
-21.314037
-46.979898
-37.404915
-20.863327
-11.984642
-16.306765
-11.515998
10.491668
-3.128269
8.932022
-69.087625
-89.095996
-19.830738
-23.548801
-4.6489769999999995
10.622715
-36.391255
-12.923154
14.409078
-20.349429
47.836079
35.970126
12.723324
-11.416063
2.5113439999999994
-8.292899
-23.272486999999998
-32.663983
-40.486165
65.320747
-9.675483
-8.249965
-6.765294
-37.622
-32.65787
-20.004928
-37.630666
35.319265
-16.24346
-7.184082
-148.537137
-13.540159
-3.406826
-7.885936
-50.588776
-14.427242
-25.518619
-9.308427
-17.538061
-4.714125
-20.494455
31.073116
-11.548074
14.537417
-54.87802
-13.720645
-16.459056
-16.763047
-40.334328
-13.101499
-36.509749
7.666810000000001
9.47376
-30.605585
-29.041688
-9.991115
-19.943983
-7.574180999999999
-16.744182
-31.424149
-1.6203149999999993
-33.471835
-31.043312
-81.461046
-36.77949
135.733458
-27.947003
-27.90411
17.073197
-20.197098
-7.1324000000000005
-18.431888
15.164312
-39.098813
-22.595855
-50.822732
-9.640293
-12.890275
-41.393817
-20.532826
-12.282422
12.581409
-6.867605
-45.500163
-22.540437
-17.243802
-46.492134
-58.953434
-3.786125000000001
-16.19657
-78.964949
19.917107
-8.923063
-4.577345
14.91809
53.323984
-45.124462
-4.684844
-30.688464
-40.445921
-5.3332999999999995
-62.847419
-34.033716
-16.194199
-19.394339
-44.129433
-25.774751
-8.187471
-6.837656000000001
-41.171179
7.812767000000001
-21.846847999999998
-16.958628
-11.434553000000001
-24.055514
-15.727248
-14.401494
-25.478112
-20.292408000000002
-71.131792
-12.108257
-34.207419
11.552854
-10.99511
-39.996048
-31.345674
-9.629394
-7.465796
-6.897309999999999
-36.09893
-10.808101
-4.764239000000001
1.5752369999999993
-61.894864
-46.536267
-10.344304
-23.817875
-7.462668
-48.959181
-26.012237
-25.947366
-22.516071
-107.060463
-17.739683
-42.514691
-10.163802
-3.9564289999999995
-21.92756
83.006695
-17.640458
-14.470532
-48.995842
-55.011424
-21.883103
-36.324972
-24.924593
-23.804321
4.709224
-31.371659
-23.595783
-20.690032
-16.668709
-20.769208
-69.582247
-60.619528
70.090661
-30.389062
-57.318936
-4.817982
51.961404
-27.297445
-1.5812860000000006
-33.829344
6.437894
-40.681434
95.726451
19.150844
20.939403
-1.4334569999999998
-32.269259
-35.761475
-22.700176
-20.251795
-42.143557
4.934062
4.620839
-9.108504
-5.745047
-11.643534
-8.296035999999999
-34.176277
-10.892458999999999
-30.927849000000002
-71.346949
-4.705371999999999
-19.282354
-24.474811
-38.437939
-30.176974
-19.810612
-85.275357
-22.636222
45.667345
-8.621614
-62.280792
12.997391
-20.793145
-18.860679
-34.435843
-21.733324
-6.112705
-11.048999
-11.692432
-20.254348
-94.08937
14.3754
13.706141
0.7149250000000003
-12.417804
13.614367
-13.688014
-45.161706
-33.256757
-25.768836999999998
-45.865258
-2.300753999999999
-47.900369
44.155694
-21.657345
-38.906007
-13.789612
-2.470567
-16.691697
-19.890481
-30.033896
-17.836117
-75.099344
-24.475913
-24.796052
-30.011517
-26.521598
11.510677
-11.529191
-45.721795
-112.883748
-3.9083870000000003
-7.947065
12.690669
2.97286
-35.901672
-40.755769
16.087824
-21.338496
-46.544951
-43.719413
-34.724655
-38.053482
-75.386853
-19.630882
-11.891075
-7.355581999999999
22.407403
-24.939915
-16.361687
-9.719652
-20.901361
-57.948159
-82.089877
-42.114438
-23.84332
-5.895040000000001
-4.120881
-33.588695
-50.250766
-8.744222
-89.413288
-26.126513
-11.010111
20.198837
-52.161091
-49.656259
-27.940864
-12.46449
-10.99934
-31.759636
6.7796959999999995
1.7567550000000014
-29.885467
-42.681563
-38.626002
-16.650611
-23.721714
-102.692118
-21.169967
-60.130256
-27.107255
-14.145969000000001
-13.143215
-50.659769
-29.156175
-14.393929
51.645437
-18.299895
-11.634737
-46.961909
-62.329802
-9.553917
-19.549355000000002
-26.475868000000002
-18.614157
-37.99208
-42.88695
-0.514385
-42.524005
3.467422
-23.153361
61.888762
-55.003602
-31.982045000000003
-49.385554
-9.911009
-41.215123
-21.765496
-45.517101000000004
-104.73608
-16.7938
-15.694893
-26.560317
-23.547753
-26.05818
1.6806659999999998
-32.980097
-58.313269
7.00101
-37.247856
4.607711
-66.509163
-25.463168
-1.4663890000000006
-8.710448
-12.630168
-20.020664
-31.861819
-22.918525
19.542276
-53.31826
-6.543760999999999
-22.001795
-14.64421
-49.392058
-41.73231
-20.42172
-19.54364
-14.143461
-15.888394
-13.206552
155.997709
-22.681619
-53.72228
-33.52931
-42.915655
-78.940574
-13.976891
19.272661
-9.571939
-21.205025
-25.444231
-34.368749
-5.092877
-22.091596
-18.12406
-17.110923
-10.592918
-8.830293000000001
-24.869035
-14.50409
-46.095423
-4.365855
-50.31826
-3.295612
-25.920558
-10.94337
-45.455499
-60.617146
74.08435300000001
-34.449309
-54.319032
-60.236109
-34.114163
17.333922
-34.704191
-22.112362
-78.941433
-56.72122
-110.497974
-18.123988
-9.86407
-26.380065
-27.457883
-24.972774
-16.711912
-23.163062
-19.158704
-52.409531
-22.483163
-21.563991
-1.881476
-26.935358
-6.987261
-1.9169710000000002
-29.020323
-38.2187
-20.460684
-16.075054
-48.315201
0.5211920000000002
-47.384897
-27.063755
-3.964036
-53.047236
-19.937946
-32.041282
-54.788171
-103.845213
-64.229951
-21.372264
-15.145325000000001
5.465841
-33.706685
-15.346597000000001
-31.372453999999998
-18.505935
-0.057138000000000064
-18.202453
0.4821550000000001
-6.608692
-45.313287
-20.629739
-15.053154
-10.687088
35.673195
-30.02994
-12.97624
-17.40351
-2.154178
17.184257
50.116647
-17.486134
-30.853051
35.89873
-5.889773
28.058669
-14.403842
25.399848
-23.871071999999998
-15.389703
-53.684966
-13.421342
-19.034775
-19.674666
29.714427999999998
-22.251461
-23.462649
-5.820564
0.23596999999999949
-15.068731999999999
-53.766525
26.187367
-65.883473
-16.266644
-76.883984
-14.20132
12.237525999999999
-33.802096999999996
-66.663157
-17.995802
-7.61504
-31.218608
-25.566638
-36.687844
-78.021045
40.58218
-52.14723
-27.461807999999998
-25.035767
-17.24462
-10.009318
-46.838382
-26.915229
-42.005665
-4.516862999999999
-10.260925
47.492662
-56.95401
-10.656402
-12.696429
-7.374479
-29.909233
-6.405152
-45.036242
-22.624811
-41.604347
-44.350518
-49.220933
-43.498135
-6.369529
-58.261349
-10.952126
-37.427267
-16.148684
-37.545555
-3.406826
-12.878311
-61.142464
-40.522273999999996
-31.110318
-15.187799
-13.726401
-25.54196
-42.995011
-61.92741
-30.241852
-28.848315
-16.447761
53.80673
-19.198797
-12.85444
-23.817161
-22.071444
-41.241205
-15.36417
10.828636999999999
-67.255075
-18.047164
-9.505908999999999
-13.157675
-66.423533
-18.567614
5.201898
-26.097262
-5.3123380000000004
-55.030153
-111.290917
43.35165
-19.248543
-9.268038
-18.010579
-39.747167
-70.755329
-92.606594
-11.881494
-15.879437
20.431649999999998
-33.199216
-23.335711
-33.558758
-5.2554170000000004
-23.430114
57.628758
-69.79038800000001
4.620907
-26.444707
-97.605717
-13.604280000000001
-22.757296
-26.045913
-30.654722
-34.114156
