-9.997709
-83.028601
-32.700935
-105.117172
-14.882499000000001
-35.840259
-14.93708
-11.305781
-42.763374999999996
-24.559061
-26.99619
-38.558725
-8.799218999999999
-53.116525
-90.36376
-20.42482
-80.48335
-48.361126
-48.457634
-31.241264
-60.357071
-30.18206
29.554059
-48.887012999999996
-16.613276
-19.612142
-31.381878
-20.519425000000002
-20.269153
-69.015286
-12.762201
-36.624753999999996
51.118801
3.9708139999999994
4.059109
-22.853404
-18.103951
-43.804108
-5.643781000000001
-85.396473
-32.291663
-46.975215
-36.36289
-29.018815
-59.728518
23.499712
15.626856
-46.366690999999996
-17.47074
-70.975365
-73.071225
-31.754146
-26.400161
47.121467
-48.003563
-35.103679
-72.670833
-60.76856
-72.732796
-40.734843
-14.031979
13.799489
33.894202
-43.59515
53.991017
-12.002904000000001
-9.171223
76.515428
-7.155343
0.0998030000000005
-141.283733
-66.986852
24.208281
3.1338939999999997
1.9896839999999991
-51.106868
-46.738003
-32.824089
-10.707778999999999
-37.332755999999996
-46.274557
-38.050711
-61.393356
-41.586901
-114.058757
-36.115188
-8.80653
-18.054703
-11.671646
-48.492148
-4.976338
-24.3533
-35.064694
60.127653
-57.779889
-43.826558
-38.089722
-36.222443
-44.078051
-43.877052
-49.048441
-15.49386
-14.148135
14.887763
-29.591608
-9.837228999999999
-23.690662
-127.67126999999999
-66.553389
-28.142098
-88.425088
-28.561269
4.652653
-18.779819
-32.093347
-31.300527
8.45855
3.2144900000000005
-10.612687
-23.506923
-43.940536
-24.357034
-80.128275
-14.866282
-91.344338
-123.337943
5.912236999999999
-35.517032
-19.459627
-57.951986
-2.391001999999999
7.951588999999999
-35.196159
-126.019425
10.825112
-12.681262
-31.746950000000002
-41.247261
-24.236411
-30.957594
-72.938966
7.098987999999999
-44.749904
-30.384581999999998
-5.1008819999999995
-52.340548
62.105337
-12.493205
-19.00659
-10.663388
46.551473
-14.303849
-76.909447
-27.857103
6.159269
-53.514143
2.272588
-34.961441
-54.00794
-18.696974
-41.432179
56.894527000000004
19.42718
-9.689681
-9.536017
13.261559
-48.179572
-20.361228
-90.149668
-116.639109
-65.443641
-32.786433
-36.278788
-32.230414
-10.604159
-67.373007
-20.852044
-20.957056
-66.920242
6.351234
11.233661
-89.899031
-0.11635999999999935
-5.055039
-20.261579
9.387214
12.383803
-11.119788
-10.263836
-15.572098
-7.427997
-4.5784139999999995
-52.845126
-62.125394
-73.783263
-19.142588
-47.416197
-38.997302
-18.491782
-30.740953
13.738185000000001
-62.203519
-14.977948
-17.894612
-49.190884
-13.899092
-27.354489
-24.126205
-38.44771
-12.158489
-20.145329
-17.952635
-31.567228
-82.755445
-57.547962
-34.664136
-37.115205
7.1400179999999995
-3.8626750000000007
-44.368639
-13.16525
-42.965386
-22.511309
-10.690724
7.51814
-47.391342
-39.848449
-40.465243
-45.026553
-16.177232
9.098717
-50.251424
18.827499
-27.507261
0.02058800000000055
-79.593368
-13.987960000000001
-69.608762
-29.646497
-27.815186
19.22181
45.752913
-8.068386
-27.978006999999998
-12.566886
-82.173237
-24.696978
8.287647
-57.9677
-48.33757
-38.775394999999996
-9.103216
107.580401
-14.223289000000001
-2.814037
-45.814431
-35.830709999999996
-42.05325
-133.11639
-56.808781
-63.078088
-9.446781
-59.802082
-6.795172
-39.634077
33.256951
-26.601725
-72.268285
-49.128704
-37.348433
-15.467841
-5.788906
-15.935716
-44.8957
-14.304469
-34.319296
-90.312338
-31.957688
-39.58473
-80.464986
17.128998
-58.280732
-62.531705
-23.373009
13.346187
-67.801331
-45.082857
-50.358664
-69.759806
-25.570244
-42.505017
-39.393084
8.674245
-5.832395
-1.9658459999999995
-47.432987
35.68178
-20.128868
-33.915182
-22.98347
-5.9249019999999994
-44.142874
24.454301
-69.792337
-13.557664
5.179983999999999
-44.930973
-5.852517
-60.483694
-61.888281
-51.525238
-65.127867
-33.524912
-23.855622
-14.820236
-78.949666
-8.818399
-53.965392
-29.596753
-12.090196
-53.011123
-50.69421
-28.958472999999998
-51.098006
-19.138163
47.094337
42.440503
-12.052817
-28.373938
-17.670998
-11.154288999999999
-9.133355
-35.033205
-33.255784
-115.003743
30.002909
-65.677841
-18.455651
56.106072
15.487309
-34.492864
-59.541634
71.733406
-90.380881
19.809580999999998
-39.216102
-52.44242
-49.017645
-18.950091
-40.060692
5.121028
-12.044909
-46.224688
-51.356419
-13.546433
-30.393376
-29.584277
-9.756127000000001
-44.042891
-17.040847
-23.413959
-45.396028
-7.93568
-17.648678
-44.089911
-69.352928
12.337249
-23.563240999999998
-16.296977
-10.389648
-12.683253
-13.720722
-37.7347
-2.8888570000000007
-35.460552
32.699707000000004
-1.2312629999999998
-8.589729
5.943067999999999
-89.447234
-36.936654
2.848476
-31.649878
-82.845816
-38.33096
-44.337897
28.652169999999998
-51.387173
-10.781473
-50.353617
-8.626733
-11.220353
7.823125
47.339381
-26.240864
-47.275502
-46.217823
-21.67138
-33.567742
-7.772884999999999
-20.445568
20.349714
-33.99531
-50.037672
-39.939331
-41.173756
6.094823000000001
-61.577336
38.141236
19.207636
-15.102791
15.628278
-48.120148
-21.940671
-19.248035
-19.684434
-30.905585
-24.512822
16.645467
33.543058
-39.376655
-8.876642
-10.975369
-11.303516
43.048612999999996
-28.55131
-7.287252000000001
-15.140482
-9.575066999999999
-26.160716
-19.545347
-17.888506
-28.165404
-48.157394
-29.946794
-90.108648
-29.584126
-37.383679
-16.383167
-63.186384
-44.090678
0.8195140000000012
-31.673729
-49.093417
-48.04793
-6.284693
6.312257
-30.183039
-23.393681
-20.745355
-112.300431
-56.947205000000004
-16.988779
-59.88792
13.518782
-58.73596
1.109331
-39.395956
-16.534109
-65.237958
-36.151210999999996
-9.844842
-15.862893
-20.788905
-45.440634
1.0865330000000004
-12.164489
-24.396545
-53.585608
-63.078088
-20.198304
-20.686118
-51.581633
-43.228662
-17.340269
-14.711933
-97.589481
-36.062351
-30.962659
-13.792723
-18.527211
-48.498876
17.232748
-37.439221
0.3809700000000001
-16.258536
-66.855316
-65.755261
-16.846208999999998
-27.167082999999998
66.34306
-30.100567
-17.993418
-23.722538
-58.511711
-36.25576
-28.727372
-52.149043
-56.185452
-31.549627
-46.999539999999996
-22.157429
9.642634999999999
-17.407193
-28.567922
-5.558107
131.947842
6.39872
-11.355478999999999
-48.286491
44.743757
-74.514434
-68.463577
-19.398072
-42.863261
-61.765885
-34.123865
-35.619457
-60.550708
-11.282286
27.887511
23.052981
27.927695999999997
-79.299602
-19.528223999999998
-47.722752
8.187743
-29.97957
-18.313274
-26.609763
-19.999092
-8.913707
18.770154
38.288588
69.78129
-1.5015200000000004
-39.744941
-30.944983
-30.694439
-22.506673
-15.658927
-22.41875
-8.049626
-24.365795000000002
-45.086433
-34.370087
13.589401
-35.740316
-85.849349
-59.325791
-56.918588
-15.947128
-40.983217
-27.815267
-17.991141
-22.307267
-33.288016999999996
-117.67561
-11.034138
25.579365
-2.31725
-73.023502
-15.393111
-41.138872
-70.459856
-46.721596
-89.291611
-60.338354
-10.747464
-61.348415
-50.549751
-21.673406
-65.064886
29.032444
-53.473758
-9.626254
-25.717688
-39.337494
0.48080899999999854
-64.892762
-21.338733
-24.162214
-30.880814
-4.794111
-64.877578
-16.317182
-97.718489
-25.918935
-31.165384
-51.174143
20.252242000000003
-45.61019
-21.781404000000002
-42.233489
-63.964902
-52.018423
-29.741477
13.806503000000001
31.123272
-73.585799
-50.693497
-17.263046
-6.972446
22.26191
4.553569
-41.586650999999996
-64.960712
-36.184709
-74.86887
-25.771377
-23.621647
-6.610214999999999
-17.784439
-44.734146
-11.775726
-35.617273
14.186739000000001
10.833796
7.021103999999999
-66.067498
-15.508329
-21.971714
-50.97746
-49.19211
-63.970518
-25.594344
-92.529826
13.399697000000002
-2.3709180000000005
-69.653202
-21.534295
-34.402095
-36.079546
-14.576998999999999
-28.285989
-11.611032999999999
-38.17164
-36.430096
-41.931212
-29.869726
-10.828777
37.763307
-17.443622
22.533905
-18.815665
-42.853058
-36.165034
29.470054
5.359427
-14.154766
-12.336325
-61.128591
-11.968
-30.98537
-21.167769
-29.971208
-32.551295
-22.35362
-68.899815
-48.311427
-40.617461
-25.19951
-92.860564
-110.527242
-74.996013
-14.248439000000001
-18.423719
-19.91741
-49.601299
-6.6757550000000005
22.834739
9.342104999999998
-22.657727
-55.870792
-41.818893
0.9858729999999992
18.202662999999998
-34.206155
-59.551135
-68.332861
-36.184397
27.923715
-104.192111
69.150387
-73.553625
-7.059252
14.827689
-36.692179
-4.370128000000001
-67.909753
-41.329444
-31.329815
-60.76994
-41.404737
-11.428462
-52.165761
-49.282566
65.484264
-20.17604
29.160164
-10.42001
-46.958358
-50.048691999999996
3.0560329999999998
-47.213435
-111.728558
-10.43836
-28.716888
-122.039668
-66.885762
-46.28356
-43.689828
-1.9250720000000001
-45.906601
-22.600686
-43.202935
-43.913202999999996
4.322639000000001
-62.544218
-108.869125
-6.046898999999999
-77.70827799999999
-55.592496
-10.780363
1.7250269999999999
-76.932573
-23.527978
-64.816226
-90.89461299999999
-17.449225
-17.525826
-82.216378
-69.431342
-18.856389
-16.397342000000002
-35.713062
-28.514358
5.79906
-10.211351
-14.473265
-19.335433000000002
35.056683
-28.570272
54.398379999999996
-82.396158
-28.024212
-19.857903
15.828731
-31.666588
-22.750416
-58.121626
-56.412561
-70.202314
-35.506046
-14.1238
-18.084677
-53.343852
-70.562285
-16.92475
-68.934677
8.973672
-19.962169
6.468295
-58.408094
-34.237268
21.365145
-40.04317
-4.357977
-23.987562
-104.16035
-25.625986
-7.511703999999999
-26.834882
-51.899544999999996
79.654133
-15.803474
-56.523808
-35.986815
-7.7063880000000005
20.034662
-31.062
-8.46604
-31.993829
35.384736
-30.218450999999998
-96.445796
-19.602949
-50.636374
12.646757
-29.594269
-72.173669
7.4983130000000005
63.55323
44.881296
-60.426245
-0.2059479999999996
-16.570045
-21.452218000000002
-17.398522
-36.51824
-30.902658
-82.024686
19.66851
-31.313791
-7.149401
-29.548735999999998
-46.750632
0.9994619999999996
-16.304804999999998
-16.226682
-62.397172
-24.153489
-65.89193
-16.487515
20.453384999999997
-7.876731
-49.369265
-40.772156
-21.702989
-34.573815
-29.462806
33.124082
0.8158539999999996
-63.352852
-63.097349
-18.647719
-23.736947
-10.047366
-33.238705
-40.085214
-20.515288
30.435256
-13.19462
-13.678855
-16.05566
6.883787
11.315466
-64.266328
-2.219
3.558490999999999
21.329052
-56.929268
-45.330968
102.10348499999999
-40.394634
-56.021093
-4.5633420000000005
11.959213
-71.024925
-16.304103
-139.83396
-62.821408
-3.1410490000000006
-30.031753
-46.439404
-18.411423
-30.998539
-25.342517
-38.020514999999996
-50.568167
-10.048896
71.103358
-13.712726
-37.663159
-24.43995
-33.941199
-20.444261
-92.074863
-20.686339999999998
-24.801183
-39.275155
-100.924307
-62.517495
-25.372166
-46.86826
-14.097128
14.833174
13.633825
-25.600692000000002
-48.586179
-73.883564
-105.044565
-30.843625
-47.112386
-9.734698
-8.416916
2.7061740000000003
-29.916432
10.880347
-96.499387
23.900687
-22.539197
-14.344036000000001
-2.0866350000000002
-63.297103
-67.014006
-64.377551
-23.823135
-8.764517999999999
-14.107026000000001
-63.792866
-46.453818
-9.767079
-42.765406
-40.196054
3.3894470000000005
-35.447155
-7.118048999999999
-30.991453
-7.642552
115.080593
3.659029
-12.401252
-24.060278
-122.02289
-45.314245
-38.794664
-6.779542
-100.518005
-25.508638
-46.615094
8.254299000000001
-8.322349
-55.966543
-20.863692999999998
-18.267661
-3.185258
-56.067102
-13.072201
16.147293
6.7951939999999995
13.957396
-40.306554
-28.521332
8.158527999999999
-4.745966
-11.933506999999999
-43.127638
-28.417334
-28.890092
31.646468
-12.655569
-15.638702
-43.876509
7.7206660000000005
-18.076064
-0.8690220000000004
-11.325381
-2.253251
-50.350037
41.969935
-29.362434
-57.339665
-38.45509
-32.903318
-45.180958000000004
-11.61673
-8.319697999999999
-25.433217
4.2747150000000005
-24.031289
-32.852966
-28.111979
-26.114086
-87.726427
-25.711256
-77.723688
-18.679651
-49.467471
-15.172959
-87.542371
-4.6988650000000005
-30.672648
-8.871346
-17.408204
-15.976182
-68.527033
-4.717877
-29.035536
-42.955632
-59.147868
-91.676446
-37.148853
-29.384719
-9.149754
-15.795403
-34.974687
-9.932325
-25.929033
-25.087413
-18.813326
-26.980071
-22.586185999999998
-30.942378
-4.674727
2.8894059999999997
-26.848281
-15.558886
-13.635813
-13.945619
18.143414
-43.824739
-1.228698
29.606228
-49.772174
-47.128568
-46.639832
-43.690537
-18.015173
-64.954906
-19.954608999999998
-26.0515
-31.53083
-36.279857
-19.737292
-36.593752
-18.37108
-59.615776
-19.557754
56.970352
-43.441155
-3.589385000000001
-24.406871
-17.380417
-28.724885999999998
-6.57987
-31.637475000000002
-7.124200999999999
-37.131119
-56.523884
-20.31967
49.89795
-45.149584
-25.922155
14.825933999999998
-49.957358
-18.476852
-9.863828
-52.13068
-25.171278
-25.468527
-25.908885
98.07698
-45.303272
-5.592562
1.5769449999999998
-29.243681
-18.495943
2.0785339999999994
-12.913718
-41.042782
-21.500555000000002
-16.164419
-37.457209
-12.888194
-73.401269
-65.511478
21.195926
5.295721
-61.721781
-45.217805999999996
27.582414
-10.925779
-38.187011
36.068433
-23.039167000000003
-20.091521
-17.812532
-12.045829
4.998460000000001
-31.959028
-6.7065410000000005
-6.401730000000001
-29.479532
-28.350465
-8.449228999999999
-48.32122
-15.350857
-36.940275
-43.891513
-17.496848
-7.993162000000001
-105.226907
-45.641997
41.527479
-14.943702
-58.4844
-53.930381000000004
-25.082064
-78.191587
-75.80049
-35.138525
-47.797299
-20.075056
-27.829219
12.379446999999999
-12.719618
31.306961
-26.001751
5.623341
-15.682858
-6.141166000000001
9.281723
-52.63572
-19.306818
30.439377
-41.081016
-32.172968
-55.693857
-58.871519
-39.075765
-12.338486
-41.486828
-20.883332
-35.226897
-8.217887
-17.243612
-29.614074
-36.262086
-75.719823
-17.213718
27.244908
-22.862369
-83.510093
-18.731124
-60.763662
-19.610207
-3.3149220000000006
-34.750323
-42.857552
-3.26526
9.445516
-4.0258210000000005
-2.933699
-34.877367
-7.285131
-33.069838
-14.468904
-46.053031
-34.451088
6.983646
-49.583747
-32.270562
-7.168449999999999
-19.079127
-25.500498999999998
-40.923347
-14.001465
-18.544338
-43.59439
-12.616052
1.155753
-11.290599
-4.516602
-17.554049
-18.76728
-29.236687
-96.72604199999999
-18.379336
-9.132327
-51.125565
-31.362658
32.895871
-23.410273
-30.501479
-36.536081
-7.1177090000000005
-31.034606
48.23887
-43.521566
-1.7342750000000002
-35.489024
-29.331093
-65.924359
-38.080696
-31.323996
-96.596755
-37.722424
-19.492266
-37.594061
-75.671987
-22.455073
56.666142
-64.862234
-24.737351
-46.5115
-39.310724
-39.598367
-40.457115
-37.987978
-32.01961
-66.221594
-18.540528
-34.007785
-68.240872
-10.798055
-25.033824
-36.618522
-80.546089
-41.788762
-9.533376
-26.663177
-15.892095
-23.040236
-31.978377
-12.668455
-8.831125
-84.05277
-23.115253
-51.552695
-42.358348
-63.50588
-9.55751
-57.78955
-70.479568
-19.686137
-45.542550999999996
-21.642628000000002
-25.501276
-133.678088
-49.061408
-4.5125280000000005
-30.681023
-25.13688
-12.826039999999999
98.045962
46.611572
-39.316801
-73.342207
-7.7364440000000005
-5.159117
-34.873709
14.347518
-41.506263
-44.517221
-34.375014
-48.080729
-25.605894
-39.688451
-7.957832
-25.826311
-62.782558
-35.227986
-23.99188
-45.24369
-15.860648
-9.362352
13.607835
-14.849171
-20.61957
-25.184635
-25.751508
-18.667395
-83.965648
-10.993144000000001
-56.64326
-46.085783
-33.96633
-50.050466
-62.487634
-28.861273999999998
-40.925807
-30.638294
-16.692788
6.984523
10.641223
146.075819
8.986407
-20.10856
-27.82696
-30.593896
-0.8992780000000005
-104.156816
-28.159617
-44.480051
62.073316
8.355394
-25.133688
-28.94461
-1.6264980000000002
-61.292931
-42.552172999999996
-20.711764
-32.451184
-0.8450169999999997
-45.916527
-35.555264
-19.152932
0.8269380000000003
-24.90772
-41.954353
-50.696555
-1.2059579999999999
-102.237616
-38.051772
-12.096558
18.614039
-20.135672
-18.374575
54.341579
-17.713251
-17.098104
-9.32762
-23.436021
28.659245000000002
1.541381
3.9967049999999995
-42.309744
-43.053581
-64.498464
-22.828972
-8.509684
-30.937198
-23.385252
-28.294027
-40.573249
60.049604
-44.662618
-62.995526
-20.650628
-14.71104
-61.743522
1.2853599999999998
-75.817986
-61.601242
-4.036817000000001
-5.314323
-45.825844
-16.856766999999998
-13.108811
8.278088
27.560655
-64.421779
-40.744253
-15.475548999999999
-18.027535
-8.301158000000001
-8.550914
-34.649663
-48.166235
82.59284099999999
-45.075444
3.480221
-53.234325
-43.191541
-32.966966
-68.482626
-50.31028
-68.61308
-34.999618
-18.739104
-29.674268
-33.691172
-61.790756
1.5019120000000008
-4.640991
-62.48978
-18.661328
-33.698607
-38.448475
-74.466082
-18.437568
-44.963012
-44.561727
-36.343038
-30.261772
-13.4282
-13.349176
-40.324070999999996
-75.302346
-8.271635999999999
-21.72286
-47.146697
-27.780498
-14.399146
-61.393502
-76.936215
-15.582149
-28.907729
-36.970267
62.033135
-45.746793000000004
-0.7071129999999993
-22.299196
-5.528125
-29.876581
-62.44409
-29.30134
18.394187
-122.461729
-52.859336
-67.181372
-35.222888
-1.146235
-20.619969
-49.217999
-25.50993
-72.298408
-56.866825
8.616287
-9.022639
-21.365289999999998
-38.10467
-24.657931
-66.730877
-95.150081
-11.749461
-38.376238
-60.004294
-56.927518
-22.093351
-29.065979
-20.272593
-64.362964
-60.480561
-24.325641
-63.27959
-49.925514
-22.787886
-23.594473
-11.351663
-28.901515
-140.768001
-28.798078
-44.109052
-29.421725
-35.638929
15.787984
-8.342467
-14.875941
-30.46966
4.524694
39.123257
-3.2925649999999993
-29.819901
-26.29948
-53.415523
-10.753252
-38.649589999999996
-29.340347
-17.498224999999998
-53.839504
-24.950916
-48.651849
14.157202999999999
-13.818819999999999
-19.325394
-53.390262
-31.09375
-118.322073
-38.130783
-7.4036159999999995
-46.673491
-31.396937
-35.558655
-16.219764
-35.322665
-48.372927000000004
11.541727000000002
13.622968
-8.988399000000001
-46.420412
-51.896955999999996
-38.935055
-53.374115
-23.142014
-15.053539
22.294768
-52.853094
-8.264652
-52.931956
-26.810899
-21.519292
-48.317902
-46.915629
-45.958142
-26.502293
-31.646003
-35.472541
31.506272
-46.546783
-11.847705
-64.357049
1.4221510000000008
-25.620409
-33.743028
-5.9974739999999995
-74.879806
-22.317676
-22.826698
-37.113932
-19.557206
-10.682431
29.888303
7.960814
14.815363999999999
-22.352695
-10.96439
-78.160956
15.807408
-29.550482
-68.31531
-25.5346
-10.019839
-68.592873
-4.816498999999999
18.150635
-5.358909000000001
-28.059331
-26.966908
103.154395
-17.054272
-46.435546
-24.490994
-14.559698
-61.422534
-92.280105
-53.618785
-26.112711
-12.038068
-20.76465
-114.581844
-22.595414
-54.488629
4.638692
-47.018164
-28.018924
-83.150977
-37.027276
-30.621047
-45.193384
-38.282387
-13.581164
-60.807091
41.247289
-32.61014
-23.177630999999998
-15.205253
-31.637377
82.028931
5.859171000000001
-22.649126
-32.841397
-85.312329
-30.333338
-30.09919
43.744313
-0.19126900000000038
8.345628
-7.354464
-40.462096
-16.979747
-18.097572
-22.426796
-17.047572
-38.436464
-23.827628
-10.875726
-37.532257
-21.685933
-13.747255
4.431043999999999
-9.935189000000001
-9.156775
-2.2368310000000013
-24.557457
-44.426809
54.344454999999996
-33.422174
-56.404882
-78.81192300000001
-59.539968
-29.444372
-38.714712
23.937793
-7.756253999999999
-4.973017
-23.781356
12.948011000000001
-26.088672
-64.983341
81.644338
3.487854000000001
-46.869772
-26.424608
-8.548438
-52.258010999999996
-2.176772
-27.735929000000002
-32.189764
-27.291844
-65.241259
-11.579657000000001
-4.9856929999999995
-100.374222
-19.434552
-16.172977
-22.72896
-47.964138
-1.999339
-12.378728
-47.789897
-9.477816
-35.863197
11.067635
-100.98572
-10.247084
-15.169397
-15.922823000000001
-37.316202
-13.154566
-53.434134
-8.19973
-36.366504
-32.699439
-38.026092
-93.986088
-15.488387
-43.277588
-34.960786
-48.989367
-12.980465
-35.86513
-6.174838
-25.446124
-23.52097
-67.540528
8.256226
-23.705744
0.8077470000000007
-24.366394
-27.133295
-8.540405999999999
3.8603039999999993
-30.075015
35.049079
-20.360922
-88.066601
4.672141000000001
-13.478495
-70.125239
-38.205337
-1.6707610000000002
-23.285307
4.046131999999999
20.56363
-94.172685
-33.357298
-26.164174
-28.22437
-22.541612
-15.610872
-21.924628
-18.270073
-100.768862
-2.0815110000000003
-34.400215
3.9859220000000013
-37.427786
-8.200554
-3.6692449999999996
-27.426361
-38.350337
-17.389355000000002
-44.337092
-20.310335
-24.723333
17.616908
-9.861685
-46.289728
-90.36203
4.424821
29.174003
-45.645475
-57.701980999999996
-4.853344000000001
27.235846000000002
11.472991
174.654789
-58.62197
-28.420019
-9.789841000000001
-79.799202
-45.976489
-93.156971
7.741228000000001
-59.63094
42.892199
1.1986229999999993
7.424269000000001
-33.36853
-54.916932
-34.171684
-34.960485999999996
1.9324130000000004
-21.355135
-28.558251
-11.130396
-8.810868
-14.505295
-5.2929
-49.101062999999996
-55.537219
-32.861531
-27.145046
-47.562699
21.356184
1.5010039999999996
-10.975911
-1.347687
-35.599887
-16.212435
-39.098126
-46.718802
-30.466082
-34.454483
-35.162491
3.577941
-15.968461
6.472868
5.938138
-21.612305
-26.142281
-35.38198
-29.258397000000002
-26.341681
-49.542353
-30.250774
-13.949683
-43.722994
-16.367881999999998
95.949008
31.83528
-6.709248
-23.139782
-6.119775
-31.372936
-27.219758
0.44702800000000065
-65.140269
-87.08856
-17.280639
-21.042789
-30.934203
-12.073618
-22.944952
-31.114275
-34.606951
-20.981781
-20.565814
-49.604537
-65.207768
-45.285956
-4.300158999999999
-9.963684
-62.852744
-16.27385
-9.725486
-56.685271
-78.464107
-22.425699
-34.872358
-46.864804
-2.34064
-22.710738
6.554920999999998
-113.867444
-86.957806
-50.778954
-39.920157
20.721301
-23.783671
16.39053
-9.680565
-11.19763
-1.520108000000001
-34.300399999999996
-11.744517
-28.034986
-83.012312
-59.759986
-40.245712
-56.699689
-26.706353
-31.750638
-70.968943
-8.417569
-10.358447
-25.197289
-63.068759
-1.7680709999999995
-17.779269
-32.735888
-52.788461
-31.608131999999998
-94.076926
-32.397827
-132.59964
-41.005689
-16.107164
-12.379626
-33.026007
-43.586751
-31.196663
-31.69171
-37.756947
32.800156
-21.174968
-63.603934
-42.990456
-33.447334
-17.551145
-59.640176
50.434015
-17.377132
-60.116573
-99.102912
-30.652426
-53.754632
-24.005846
-34.526345
-53.542863
-51.123801
13.61662
-74.558943
-44.050651
-78.53335
-24.376101
-25.315237
-34.871283
-23.414011
-1.1325999999999998
-36.676148
-16.437916
-1.113359
-55.101183999999996
-24.871119
-74.815574
-30.304379
-28.653133
-27.863255
-24.105624
28.224233
-19.770896999999998
-39.639756
19.588825
-64.662699
1.2885539999999995
-6.440827
-58.455302
-46.118916999999996
-67.216028
-50.349029
4.709474
-58.197899
-7.496062
-10.010764
-37.622507
-13.326445999999999
-6.5497260000000015
-26.266545
-43.66778
-78.851019
-37.982243
-31.398682
-51.381214
-44.675197
-21.621579
4.763965999999999
23.278318
-15.219711
-2.647032
-50.816889
-21.258219
-38.123846
57.021446
-0.26761199999999963
2.060120999999999
-34.372009
-60.720599
-11.449285999999999
-0.4083520000000004
-100.680642
-49.02093
-11.202024
5.997694000000001
-46.10228
-23.456349
-2.7421379999999997
-33.463443
2.5663270000000002
-19.122038
-16.492031
-19.771487
-58.548619
-35.830936
-47.356484
-23.034837
-54.63237
-18.609041
19.871797
17.234966
-23.332806
-33.620337
-41.380449999999996
-103.397728
-103.847258
-15.764944999999999
5.5336110000000005
-43.21507
-6.337179999999999
-46.783022
-23.057835
16.718913
-57.828777
-13.778386999999999
-14.705813
-26.403434
13.426021
-22.954445
-39.557096
40.447369
-37.081007
-3.651857
-24.795138
-44.60322
-30.028288
-49.101275
-18.197372
-23.912477
-22.447575
-33.128144
-51.433336000000004
-23.252022
-26.75217
-7.64031
-31.759033
-61.591867
4.9793460000000005
-19.968456
-33.06535
84.044376
-32.919411
-4.587012
-20.755521
-13.348437
98.403788
-14.845379
-17.373737
-2.878116999999999
-55.328926
28.745943999999998
-27.383884
-44.318812
-55.56541
-21.503992
-18.363354
-55.704308
-34.878538999999996
-47.145516
-29.857922
5.960109999999999
-27.399726
-28.716614
-34.904557
-20.96244
-72.607581
45.619077
3.445938
-47.481889
27.198837
-73.089587
-39.031551
76.294194
-42.64592
-12.141431
86.030772
-15.113046
-11.04687
-94.795488
-77.812558
-54.939837
-9.672851
-22.039515
-37.645004
8.890993
-39.966717
-28.095203
-62.126701
-26.95459
-63.936099
-46.373613
-38.615158
-38.698798000000004
-1.2028290000000004
35.413889
-13.374029
-14.604455
60.372898
-39.168891
-70.65867
-53.111619
-76.091207
-23.513416
-53.015728
-107.067043
-21.949184
-15.148832
-28.98643
-69.909678
-27.218019
-76.725425
-89.494309
24.219525
-67.449389
-10.989358
2.837514
-14.752374999999999
-86.914395
-68.82952
-55.251032
-40.672941
-84.868734
-58.541088
-27.632668
-10.013385
-4.142449999999998
-5.518706999999999
-27.681603
-29.315307999999998
-28.462736
-37.392491
-40.582745
8.901279
-11.182808
83.531695
-38.76097
76.196263
-6.426632
-39.120626
6.710734
-27.144187
-66.683835
86.159291
-5.667956
-23.330081
-31.111851
-51.104066
-40.984705
-37.466164
68.773367
-30.578901
30.406567
-3.6305900000000007
-34.238961
-32.678391
-29.365265
-74.698034
-32.644647
-61.257406
-61.137973
-60.552017
-84.91405400000001
4.197965999999999
-26.688359
-80.66372
-59.684408
-17.705717
-38.201348
15.348759000000001
-1.6017589999999997
-22.204211
-16.890242
-15.939108
-5.329872
8.797955
-42.026529
-49.545117
53.389395
-24.047491
-33.291171
-41.117204
-18.591042
-46.354702
37.869755
-50.06502
-19.689268000000002
-46.371688
-21.544614
-63.457702
-38.255238
-26.44858
-9.716258
-3.919740000000001
-40.523154
-5.233979
-37.177956
-24.940556
-77.493004
-27.008694
-60.423519
-9.019118
-58.415035
-17.802017
-16.950944999999997
-12.066867
-86.538013
-1.0947969999999996
-28.751473
-71.759762
-66.770309
-67.154183
-2.444488999999999
-57.589169
-42.091412
-47.089102
-82.932543
-49.033783
1.2655540000000012
149.309443
-1.664694
32.127856
-6.418453
-39.295345
-45.126882
-34.575205
-18.527395
-38.65519
-26.999313
-42.328918
-36.359042
-68.123676
-14.908973
-56.832594
-46.110606
-42.131832
-15.454126
-1.633847999999999
-75.126006
-71.772457
-49.341157
-30.572056
-32.269934
-45.886555
-10.449914
-38.068616999999996
8.564215999999998
-37.178999
-98.008963
-46.538109999999996
-62.366011
37.394852
-16.042429000000002
-112.879797
-24.095978
-76.013913
-39.004611
-19.037869
-9.245073
-16.452048
-34.284337
-28.493951
-31.529357
9.622530000000001
-160.15380199999998
-39.36435
-11.348578
-18.527449999999998
5.848473
-26.382133
-19.007892
-73.063288
-90.726967
12.716045
-3.036292
1.5326559999999996
-6.556406
9.523702
-52.402981
-12.346729
-28.275355
-9.592948
27.147628
-22.139027
-23.162941
-62.777408
-6.402283000000001
-23.25044
-40.988623
-51.657528
2.476559999999999
-11.842865
-40.026766
-65.922738
0.5655309999999999
-25.107004
-42.854183
-13.305836
-33.378977
-38.859535
56.251765
-34.022501
-12.719831
-20.172991
-2.341669
-94.435091
-12.876964000000001
-20.574402
-57.053381
-2.379653
3.700838
-7.417113
8.537146
18.508365
-6.703524000000001
-30.84415
-44.766281
5.561776
-33.285645
-64.92359
-32.090343
-84.148208
-13.376721
-11.405311000000001
-93.096726
-51.294072
-22.911352
-12.535839
-51.872749999999996
0.5970919999999996
8.96074
-34.824485
46.291989
-15.703985000000001
-2.092915
-27.609758
-54.376231
-16.078029
-53.49492
1.773203
-9.506613
-42.810248
-51.896468999999996
-0.6385510000000002
-60.818248
-78.799275
1.2000570000000013
-108.407562
-43.512122
11.026634999999999
-7.761967
-29.282302
-31.964762
8.824976000000001
-6.265014
-0.5864959999999994
-50.109546
-28.876029
-12.754798000000001
-45.706222000000004
-60.836595
-27.918395
-2.1089729999999998
25.209321
-56.04254
-4.37484
97.819735
-31.984195
1.0539440000000002
5.413396
87.295747
-50.727226
-65.767623
-13.119068
2.548622
-8.163981
-13.868421999999999
-86.180913
7.763357000000001
-18.670247
-14.665333
-9.990075
3.9593459999999996
7.105513999999999
-5.136599
-17.66603
-48.621824
-40.461514
-10.392129
-65.402804
-35.012336
-56.664434
-71.500991
-50.572225
-45.625109
35.943133
7.002239
-83.79929
-19.755666
-79.285959
-61.862137
9.557078
-19.905534
-122.755284
-13.704317
-23.17469
43.392386
-14.720528
-3.1356260000000002
-35.686008
-32.467562
-19.250322
-42.865491
-33.982333
-42.477303
-20.451241
-6.827004
-23.575293
-70.262838
-12.227802
-42.742053
-33.533631
-28.305813
-7.057906
-66.999607
8.877117
-3.2463710000000003
44.687281
-135.945119
-63.280097
-12.565485
-7.214268000000001
-34.232055
-26.19346
-10.470594
-47.116321
-50.910137
-25.698466
-35.670371
-18.710839
-12.601648
-88.881627
-48.695264
-23.479153
-19.818694
-4.103406
-52.094656
9.017172
0.2702020000000003
87.952638
-69.087583
2.7117519999999997
28.719233
-17.776309
-85.121059
4.755404
-9.944302
-52.38578
-27.242243
-17.917791
-46.883836
-21.422651
-32.213141
-32.07522
-52.843184
-16.114818
-2.794191
-16.38489
-19.857132
-8.408854
-51.418584
-18.817913
-69.816693
-114.264239
-33.212407
8.471316999999999
-54.044418
-24.147206999999998
-11.883336
24.825984
34.21107
-4.072232999999999
-17.302537
-75.168095
-32.294784
-50.798543
-13.614436
-9.198353
0.6509550000000003
-94.206974
-38.821871
-10.876729
5.709303
-28.047801
-63.366469
-15.487956
-32.747744
-13.570967
3.7084399999999995
-35.070727
-0.6414459999999998
59.529406
-22.288105
-5.183044
-11.348505
-28.535179
-31.037902
-36.681915
-39.416685
-56.569927
-8.313007
-41.620599
-30.779898
-35.072637
-81.369268
-47.650392
-27.347618
43.806064
-112.644775
-23.795283
-87.117626
-8.409277
-25.745324
-70.278854
-78.495104
-8.190773
-14.384989000000001
-61.574666
-6.962867
-5.629353
-34.158611
-62.240554
-12.982452
-22.142594
20.911856
-49.838839
-34.957167
-14.583435
-65.983078
-8.620357
-28.330956999999998
-20.643455
-43.349698
-25.680861
-57.610149
-60.043611
-10.808933
21.16693
-18.645846
-23.238222
-18.388271
59.068447
-27.877397
-17.162823
-19.370761
1.3344599999999998
-30.003168
-32.583573
6.291641
-29.771418
-36.157821999999996
-18.798627
-42.028683
29.072288
-127.87242
-68.157041
-20.42426
-25.249425
7.976636
-19.701778
-30.496643000000002
90.543869
-1.442216
-27.122669
-36.083909
-47.856682
7.4125
-9.649529000000001
-0.16604600000000003
-31.028601
-17.309257
-53.124723
-5.217905
-54.059318
-17.891404
-37.014407
-67.785097
-44.978997
-13.020603
40.090778
4.9057509999999995
-45.817457
-38.304781
-18.950468
7.009382
-14.239078999999998
-28.913453
-31.189207
-40.246472
-32.492136
-61.107405
-53.22371
-6.829684
-47.490591
-49.217684
-85.039353
-127.233445
-30.031645
-77.993383
-29.662399
-0.7368909999999991
-39.564455
-38.966491
-6.099341
-90.434724
-54.042876
-38.151866
-36.686479
-41.937802
-9.750926
-46.898865
0.9330090000000002
-17.488849
-55.840571
-11.375877000000001
-3.16924
-0.6405230000000002
0.1552159999999996
-68.420063
-25.380976
-12.573212
-35.614974
0.13878199999999957
-18.461439
-62.772478
-71.395716
-55.869772
-15.571842
-27.673441
-6.757715999999999
-5.789253
-61.945937
-34.517246
-0.4289590000000002
-31.313791
-3.7897500000000006
10.438820999999999
-24.270573
-5.463152999999999
-11.108118
-124.974924
-19.020153
-30.282592
-13.729125999999999
-67.114309
-26.830735
-44.953603
-4.966628
-25.492854
-79.396928
-43.78869
-39.289801
-34.729205
-67.59685999999999
-51.81342
-21.314801
-26.706144
-11.475754
-48.218192
-14.396832
-131.594116
-51.972189
-62.775659
-20.690858
-17.176306
-4.810664000000001
-11.531547999999999
10.860452
-52.770300999999996
-17.633017
34.656359
11.112312000000001
-22.451816
-26.097274
-11.59514
-19.623605
-39.346398
-42.479631
-55.173863
-10.417181
20.527692000000002
-28.441014
-61.330834
-7.443529
-27.297881
-14.537602999999999
-56.199662000000004
-42.203497
-106.796538
-46.718513
-40.510338
58.152048
-100.17332999999999
-64.93948
-45.837762
38.071782
36.784609
-84.709125
-6.370486999999999
-13.533626
-19.674801
-65.468272
-19.410767
-32.840452
-35.959756
-44.816646
59.66624
-48.784914
-53.381224
4.6785559999999995
5.921026000000001
15.694832
-113.981918
-11.885362
-70.113062
-59.101001
-39.177622
-15.881257
-21.372717
-39.514926
-45.739049
-20.801558
-35.50919
9.479913
22.620537000000002
-52.146958
-58.777562
-20.534011
-43.020001
-42.323385
-32.985217
-72.175557
-34.810939
-24.406259
8.944346
-45.027948
-25.557392
-31.147488
13.935453
-31.811988
-0.6942880000000008
-45.270743
-34.370087
-47.223005
-21.691588
-37.853142
-16.871032
-14.183539
-53.765659
-54.291892
-62.744849
-21.513733
-15.580555
-23.479293
-25.532583
-146.930883
-28.854423
-42.292669000000004
49.2099
-37.952139
23.132444
-11.751626
-27.021295000000002
-47.655372
-89.237737
-30.595416
-22.147538
-34.196318
-49.303673
-9.649437
-27.719511999999998
-24.341229
-40.218776
9.777291
-8.560258
-48.549137
-85.318136
-11.382140999999999
-28.758081999999998
-14.979814
-59.791712
-10.36548
-23.030662
-94.320064
-38.836843
-48.532095
-37.367927
-20.315176
-46.979898
-65.642546
-19.101488
-37.404915
-29.034881
-47.393805
-84.881947
-11.515998
18.056879
-69.690949
-26.731589
-11.512205999999999
-105.402736
-26.249234
-42.16471
-89.095996
-29.467614
-39.594728
-23.548801
-23.231095
0.41499100000000017
-12.923154
35.970126
-39.924229
-29.622861999999998
18.154352
12.723324
-13.949661999999998
-38.627539999999996
-23.488028
-40.486165
-23.613726
-20.046682999999998
-15.868303
-54.301063
-9.675483
-30.496281
-6.765294
-50.11139
-28.834421
12.933233000000001
-33.838375
-17.881192
-16.24346
-148.537137
-58.991261
5.9606829999999995
-7.607965000000001
-22.719678
-21.861127
-30.377811
-16.926605
0.49843299999999957
-16.194835
-21.815903
-0.7871049999999998
30.560699
-50.0085
-13.096181000000001
-20.28674
40.361146
-17.538061
-30.675083
31.073116
-22.461853
40.98042
-54.87802
44.087884
-13.720645
-2.723760999999999
-18.878192
-26.8954
-28.558388
-32.906899
-33.780503
25.93213
-9.991115
-19.943983
-24.337474
-30.475192
-22.656625000000002
-6.338063
-31.557366000000002
-40.446573
-28.489134
-89.65424
-33.471835
-81.461046
-36.77949
135.733458
-27.371083
-15.18001
-60.147358
-60.626548
-39.066152
17.073197
3.6629310000000004
16.455393
-51.884484
-20.197098
-2.9126520000000005
43.557984
-7.1324000000000005
-91.89491
-12.307662
-48.63602
-18.431888
-60.84609
1.795306999999999
-39.098813
-97.379537
-39.141025
-5.714766
-18.907274
-72.560101
-12.282422
-11.906225
-9.193934
-16.813653
4.837004
-12.210547
-58.953434
-30.854167
-60.268674
30.454639
-28.036932
13.219266
-23.925033
-27.137813
-43.463502
-16.533007
-27.985208
-78.964949
-54.967062
7.0301730000000004
-5.600878
6.138592
-60.185659
39.444503
-33.227024
-45.659981
-51.798279
14.91809
8.286698
-33.997854
-51.686341
-40.775198
-25.813511
-63.439457
-30.688464
-62.847419
-34.033716
-12.401043
-19.394339
-33.135919
-26.957956
-44.129433
8.545988
43.865183
-6.837656000000001
-1.2463859999999995
7.812767000000001
-34.698927
-46.539767
-16.958628
4.565534
-11.434553000000001
-24.055514
-34.207419
-31.345674
-44.339871
-55.369489
-16.186406
-4.764239000000001
-14.627364
-61.894864
-3.28308
-46.536267
6.501570999999999
8.595718999999999
-97.940345
-48.959181
-26.012237
-56.094596
-54.764651
-36.239172
-24.221875
-53.015435000000004
-79.62316
-14.208677999999999
-38.232698
-44.419494
-15.684427
50.036125
-21.741632
-18.872585
-21.92756
-31.371659
-23.595783
-19.923065
-27.866667
-38.583005
-50.458499
-55.191174000000004
-12.213898
-13.068239
13.741900000000001
70.090661
-27.336806
-9.847003
-40.375574
-30.389062
12.409740000000001
-57.318936
-30.35009
-27.297445
-40.82161
-101.605215
-83.133131
-1.5812860000000006
-21.092271
-40.681434
95.726451
10.695490999999999
20.939403
-45.298827
-32.269259
-59.266112
-19.869888
-22.917453000000002
-35.761475
-44.917485
-25.810009
29.957394999999998
-14.032064
-26.269586
-65.092656
6.4633080000000005
-45.024762
-30.927849000000002
-71.346949
-24.627511000000002
-18.524526
-29.612989
-27.238373
-45.920451
-87.240234
-22.439024
4.323780000000001
-38.437939
-19.810612
-55.576441
-31.813789
-49.815774
-6.474795
-17.041995
-13.191208999999999
-27.662656
45.667345
-70.939353
-37.323543
12.997391
-60.323524
11.567938999999999
13.716498
-23.488467
-34.435843
-11.692432
-15.368008
-61.349407
13.706141
0.7149250000000003
-43.69977
-32.417499
36.688733
-21.597259
12.259798
5.495351
-18.853692
-9.577247
14.849289999999998
-31.856361
-30.197627999999998
-28.425137
-40.603192
-23.05619
-3.856077
33.302329
-13.984265
-28.614579
-42.339786
-25.768836999999998
-45.865258
-19.013016999999998
-47.900369
-24.622452
-30.340991
44.155694
-26.233621
100.551415
26.131839
-31.404923
-70.51103
-93.513948
-63.5711
-21.493672
32.832982
3.008977
-6.591848
-58.234372
-19.890481
42.374956
-1.8276240000000001
-56.316390999999996
-8.190135999999999
-25.012411
-43.225628
-14.907948000000001
-75.099344
-11.236079
-24.796052
-30.011517
-38.216272
-11.529191
32.383188
31.794755000000002
-112.883748
-119.486946
-72.04087
2.97286
-35.901672
-40.79259
10.837083
-43.243798
-20.668129999999998
-46.267165
-24.442453
-154.557084
-34.724655
-38.053482
30.732562
-14.417925
-19.630882
-9.357467
-37.147382
-41.212113
-31.261875
-2.5638599999999996
-10.456011
-8.748569999999999
-22.859984999999998
-7.355581999999999
-5.815517
-36.07608
-54.244483
123.106645
-82.089877
1.4730539999999996
-28.585483
8.030548
9.903449
-99.559775
-33.416665
-12.934018
-81.160528
-21.305635
-13.681272
-5.895040000000001
13.026556
-13.770146
-45.248241
17.549318
-57.043474
-30.614773
-51.55612
-55.42372
-49.656259
-27.928484
-27.940864
-12.46449
-6.102962
-31.759636
-32.188891
6.7796959999999995
-28.351351
-38.626002
-54.524594
-58.79566
-42.999858
-102.692118
1.9299519999999997
-60.130256
-27.107255
-16.841427
-36.688244
-15.426796999999999
-46.961909
-62.329802
-34.368863
-30.270882
-15.329375
-14.701253
-42.88695
-109.588636
-36.355123999999996
-42.524005
-9.544215
3.467422
-23.153361
61.888762
-16.609617
-34.628029
-49.385554
-16.858325999999998
-7.238274
-71.137121
-104.73608
-56.812819
-26.560317
-73.930855
-23.547753
-26.05818
14.075819000000001
-9.619144
-136.905616
7.00101
-14.754867
4.607711
-19.65556
-21.116303
-47.544753
-25.463168
-1.4663890000000006
-101.080096
-8.710448
-26.608147
-20.020664
20.833206999999998
-22.471692
-45.291924
-31.861819
-22.918525
19.542276
-39.482126
15.730624
-57.258767
-49.706981
-34.489595
-22.681619
-32.880162
-12.659389000000001
-33.52931
69.198161
-78.940574
19.272661
-40.746603
-9.571939
-5.092877
-37.78787
7.086907999999999
-16.062768000000002
-20.731911
-10.592918
-55.089448
-40.161938
-21.120123
-3.295612
-51.933753
-45.455499
-17.444503
-11.17415
-116.155688
49.582068
-18.797059
-38.607358
-34.704191
-78.941433
-26.808058
-28.38816
-51.307672
-31.826612
-41.983472
-7.8247
-39.451219
6.724648
-13.863498
-9.86407
-70.376116
-29.800922
-21.990602
-55.455161
-9.208037999999998
-19.158704
-52.409531
-22.483163
-10.177672
-21.563991
-0.3196200000000003
-1.881476
-35.072654
-29.020323
14.845952
-62.609821
-49.3033
-38.2187
-37.930147
0.5211920000000002
-53.047236
-7.164873
-54.788171
9.821752
-103.845213
-30.242004
-63.622317
-64.229951
-14.037578
-15.145325000000001
-11.325992
-33.706685
-6.578886
-16.486321
-58.50068
-31.372453999999998
-0.057138000000000064
-8.355226
-38.097587
1.7911040000000003
-25.85406
-73.995768
102.580526
-56.77271
-45.535486
-9.803329
-20.139243
18.627547
-45.313287
-28.005707
-7.740171999999999
11.703726
-36.777316
-19.139459
-29.788495
30.599358
35.673195
-7.101660000000001
-83.117496
17.184257
-45.451886
-33.212407
12.596211
-17.486134
53.395663
-43.235164
-22.27057
-44.075472
-84.741412
42.676257
28.058669
11.473278
-108.675653
-32.605597
-57.896028
-14.53282
8.901108999999998
-53.684966
-107.245422
-49.431728
-19.674666
-22.251461
-53.766525
-57.353199
26.187367
-40.55756
71.258267
-48.576778
22.18337
-50.680772
-29.934895
-37.554862
-33.802096999999996
-66.663157
27.509208
-21.71676
97.51281
-76.046796
-37.363281
-28.738
-52.583401
-38.121919
-41.162471
-36.687844
-78.021045
1.4156739999999994
-10.009318
-26.915229
-27.904474
47.492662
-56.95401
-26.211408
-52.152614
-76.031423
-30.233896
-37.598928
-24.35054
-35.54067
-40.422486
-18.362041
-36.43314
-11.123806
3.101698
-14.520158
-57.917767
-1.0425600000000002
57.776279
7.204487000000001
-31.055833
-32.053326
-6.066382
-18.525071999999998
-62.33159
-29.580343
-40.522273999999996
-31.110318
-1.8625740000000002
-7.12842
-38.434809
-2.107256
-95.191328
-42.332597
24.995184
-25.54196
-44.666262
-61.92741
-40.916726
-30.241852
-28.848315
53.80673
-27.897982
-94.319786
-42.419245
-46.592766
-41.241205
-12.048361
-21.755646
10.828636999999999
-55.795846
-46.320939
-119.414471
-63.35483
-21.808878
-19.935028
-8.879497
-15.861759
-66.933858
-32.033074
-66.423533
-26.558581
-14.923184
-7.388801
-26.097262
-29.525295
-28.685876
-18.832351
-61.827596
-5.3123380000000004
-55.030153
-111.290917
-16.229645
-17.808487
-9.268038
-28.835017
-39.464626
-39.747167
-61.464736
-48.817119
-45.474994
-92.606594
38.637988
-28.415171
20.431649999999998
-23.335711
-9.712489
0.6663210000000004
-58.820262
-42.880791
-21.144704
-69.79038800000001
50.307373
4.620907
2.8388240000000002
-27.001308
-97.605717
-10.721962
-33.664756
-10.518498
